{
  "analogy_tests": [
    {
      "description": "F:mul(m,a) :: E_energy:mul(m,mul(v,v)) -- force is to F=ma as energy is to E=mv^2",
      "formula": "E_energy - F + mul",
      "a": "E_energy",
      "b": "F",
      "c": "mul",
      "top5": [
        {
          "token": "E_energy",
          "token_id": 53,
          "similarity": 0.5927
        },
        {
          "token": "mul",
          "token_id": 8,
          "similarity": 0.5903
        },
        {
          "token": "STRUCT_MASK",
          "token_id": 145,
          "similarity": 0.3476
        },
        {
          "token": "y",
          "token_id": 25,
          "similarity": 0.3172
        },
        {
          "token": "A_area",
          "token_id": 62,
          "similarity": 0.3113
        }
      ]
    },
    {
      "description": "v:div(x,t) :: a:div(v,t) -- velocity is to x/t as acceleration is to v/t",
      "formula": "a - v + div",
      "a": "a",
      "b": "v",
      "c": "div",
      "top5": [
        {
          "token": "a",
          "token_id": 33,
          "similarity": 0.6462
        },
        {
          "token": "div",
          "token_id": 9,
          "similarity": 0.6456
        },
        {
          "token": "INT_7",
          "token_id": 84,
          "similarity": 0.3068
        },
        {
          "token": "mu",
          "token_id": 67,
          "similarity": 0.2939
        },
        {
          "token": "D_0",
          "token_id": 89,
          "similarity": 0.2863
        }
      ]
    },
    {
      "description": "KE:mul :: PE:mul -- both kinetic and potential energy are products",
      "formula": "PE - KE + mul",
      "a": "PE",
      "b": "KE",
      "c": "mul",
      "top5": [
        {
          "token": "PE",
          "token_id": 55,
          "similarity": 0.6035
        },
        {
          "token": "mul",
          "token_id": 8,
          "similarity": 0.4598
        },
        {
          "token": "SKEL_sub",
          "token_id": 121,
          "similarity": 0.3087
        },
        {
          "token": "DEPTH_4",
          "token_id": 136,
          "similarity": 0.2912
        },
        {
          "token": "h_planck",
          "token_id": 75,
          "similarity": 0.2624
        }
      ]
    },
    {
      "description": "sin:cos -- trigonometric function similarity",
      "formula": "similarity(sin, cos)",
      "a": "sin",
      "b": "cos",
      "cosine_similarity": -0.0783,
      "midpoint_top5": [
        {
          "token": "sin",
          "token_id": 12,
          "similarity": 0.6906
        },
        {
          "token": "cos",
          "token_id": 13,
          "similarity": 0.6669
        },
        {
          "token": "g_accel",
          "token_id": 69,
          "similarity": 0.3941
        },
        {
          "token": "v0",
          "token_id": 29,
          "similarity": 0.3295
        },
        {
          "token": "DEPTH_0",
          "token_id": 132,
          "similarity": 0.3025
        }
      ]
    },
    {
      "description": "add:sub :: mul:div -- arithmetic analogies",
      "formula": "mul - add + sub",
      "a": "mul",
      "b": "add",
      "c": "sub",
      "top5": [
        {
          "token": "sub",
          "token_id": 7,
          "similarity": 0.6336
        },
        {
          "token": "mul",
          "token_id": 8,
          "similarity": 0.5893
        },
        {
          "token": "d",
          "token_id": 65,
          "similarity": 0.3712
        },
        {
          "token": "SKEL_sub",
          "token_id": 121,
          "similarity": 0.2834
        },
        {
          "token": "LEAF_INT",
          "token_id": 118,
          "similarity": 0.2545
        }
      ]
    }
  ],
  "tsne_coordinates": {
    "[PAD]": [
      -2.9518,
      0.1023
    ],
    "[BOS]": [
      -3.7972,
      -0.1609
    ],
    "[EOS]": [
      -4.0035,
      0.5858
    ],
    "[MASK]": [
      2.5384,
      -0.5955
    ],
    "[SEP]": [
      0.8473,
      0.1794
    ],
    "[UNK]": [
      -1.9778,
      2.0732
    ],
    "add": [
      -2.7879,
      -1.3683
    ],
    "sub": [
      -0.8356,
      -3.4747
    ],
    "mul": [
      1.2002,
      2.1631
    ],
    "div": [
      3.079,
      0.084
    ],
    "pow": [
      4.7205,
      -0.8425
    ],
    "neg": [
      -2.7571,
      4.2309
    ],
    "sin": [
      3.5205,
      -3.5415
    ],
    "cos": [
      3.4453,
      -0.361
    ],
    "tan": [
      -2.6868,
      0.9476
    ],
    "exp": [
      0.6393,
      4.6108
    ],
    "log": [
      0.2645,
      1.7034
    ],
    "sqrt": [
      4.0722,
      0.0686
    ],
    "abs": [
      -0.4882,
      -0.9076
    ],
    "asin": [
      2.8652,
      -2.2379
    ],
    "acos": [
      -1.0352,
      2.1173
    ],
    "atan": [
      -3.7813,
      -0.0604
    ],
    "sinh": [
      0.572,
      4.1007
    ],
    "cosh": [
      -1.1609,
      3.7916
    ],
    "x": [
      0.1016,
      5.7948
    ],
    "y": [
      -0.5382,
      2.3354
    ],
    "z": [
      -4.8212,
      1.555
    ],
    "t": [
      2.5694,
      -0.9868
    ],
    "v": [
      -2.5901,
      -3.2231
    ],
    "v0": [
      3.661,
      -1.5779
    ],
    "vx": [
      0.5732,
      1.2995
    ],
    "vy": [
      2.1339,
      3.6432
    ],
    "vz": [
      1.4341,
      -2.8776
    ],
    "a": [
      3.5256,
      -3.271
    ],
    "ax": [
      2.3021,
      -0.0628
    ],
    "ay": [
      -3.0939,
      1.9924
    ],
    "az": [
      1.8337,
      4.1088
    ],
    "F": [
      3.9737,
      4.3019
    ],
    "Fx": [
      -0.1048,
      2.8705
    ],
    "Fy": [
      2.8892,
      1.0049
    ],
    "Fz": [
      -1.8021,
      0.0236
    ],
    "m": [
      1.9989,
      -1.2239
    ],
    "m1": [
      4.5545,
      0.2282
    ],
    "m2": [
      1.0598,
      5.3577
    ],
    "r": [
      2.8021,
      -0.6284
    ],
    "R": [
      -1.9592,
      -0.2294
    ],
    "theta": [
      1.0879,
      4.9096
    ],
    "phi": [
      -4.0761,
      1.1631
    ],
    "omega": [
      1.801,
      1.2999
    ],
    "alpha": [
      -4.3052,
      -1.7342
    ],
    "tau": [
      -3.1547,
      -2.2427
    ],
    "I_inertia": [
      1.8036,
      -1.5226
    ],
    "L_angular": [
      -0.3207,
      3.3782
    ],
    "E_energy": [
      -0.7978,
      2.5604
    ],
    "KE": [
      2.0301,
      1.8448
    ],
    "PE": [
      0.0218,
      -2.8789
    ],
    "W_work": [
      0.6414,
      -1.2581
    ],
    "P_power": [
      1.1706,
      3.006
    ],
    "p_momentum": [
      0.1849,
      -2.6207
    ],
    "rho": [
      0.772,
      0.1539
    ],
    "P_pressure": [
      0.1828,
      -3.9968
    ],
    "V_volume": [
      -3.7584,
      3.7288
    ],
    "A_area": [
      5.602,
      -1.0592
    ],
    "h": [
      1.5221,
      -2.1675
    ],
    "l_length": [
      2.8056,
      -0.9293
    ],
    "d": [
      -0.6531,
      -4.2064
    ],
    "k_spring": [
      4.5082,
      1.9468
    ],
    "mu": [
      2.1271,
      -3.3365
    ],
    "x0": [
      2.2046,
      3.1682
    ],
    "g_accel": [
      3.8236,
      -1.8067
    ],
    "G_const": [
      4.4347,
      -2.7879
    ],
    "pi": [
      5.1306,
      -1.2577
    ],
    "euler": [
      -0.7329,
      0.811
    ],
    "c_light": [
      -0.2153,
      3.636
    ],
    "k_boltz": [
      -4.8799,
      3.2789
    ],
    "h_planck": [
      -0.0498,
      -0.6646
    ],
    "epsilon0": [
      -0.5037,
      -1.755
    ],
    "INT_0": [
      -1.6885,
      5.3889
    ],
    "INT_1": [
      1.0305,
      -1.0242
    ],
    "INT_2": [
      4.3008,
      3.2103
    ],
    "INT_3": [
      5.5406,
      0.2932
    ],
    "INT_4": [
      0.7093,
      0.6239
    ],
    "INT_5": [
      -1.3903,
      -0.4647
    ],
    "INT_6": [
      -1.4957,
      2.2403
    ],
    "INT_7": [
      -1.2362,
      1.1328
    ],
    "INT_8": [
      -1.5193,
      -1.4182
    ],
    "INT_9": [
      2.5852,
      -2.0959
    ],
    "C_+": [
      -0.117,
      0.5931
    ],
    "C_-": [
      -2.6729,
      3.1776
    ],
    "D_0": [
      -0.0325,
      1.5593
    ],
    "D_1": [
      -0.0453,
      2.19
    ],
    "D_2": [
      1.0878,
      0.867
    ],
    "D_3": [
      -1.1034,
      2.2418
    ],
    "D_4": [
      0.3851,
      0.3422
    ],
    "D_5": [
      -0.757,
      1.328
    ],
    "D_6": [
      3.1281,
      2.2107
    ],
    "D_7": [
      -2.2265,
      1.0196
    ],
    "D_8": [
      -0.523,
      -1.9819
    ],
    "D_9": [
      -1.6952,
      3.487
    ],
    "DOT": [
      -0.9221,
      -2.8311
    ],
    "E_+": [
      -0.7497,
      4.4281
    ],
    "E_-": [
      2.1816,
      4.179
    ],
    "E_0": [
      -2.3803,
      3.858
    ],
    "E_1": [
      2.1261,
      2.5328
    ],
    "E_2": [
      -0.5333,
      0.2916
    ],
    "E_3": [
      -3.6772,
      1.7838
    ],
    "E_4": [
      0.8528,
      1.7766
    ],
    "E_5": [
      2.4396,
      1.3224
    ],
    "E_6": [
      1.6203,
      -0.0228
    ],
    "E_7": [
      -1.1426,
      -1.4647
    ],
    "E_8": [
      0.2437,
      -2.2751
    ],
    "E_9": [
      -1.6872,
      2.9845
    ],
    "CONST_START": [
      2.5066,
      -4.1996
    ],
    "CONST_END": [
      4.4954,
      1.1301
    ],
    "OP_BINARY": [
      -3.1117,
      -0.2376
    ],
    "OP_UNARY": [
      2.8766,
      1.3031
    ],
    "LEAF_VAR": [
      0.496,
      -1.5558
    ],
    "LEAF_CONST": [
      -1.5572,
      3.0964
    ],
    "LEAF_INT": [
      2.6738,
      3.3025
    ],
    "LEAF_NAMED": [
      -1.1792,
      0.4929
    ],
    "SKEL_add": [
      -2.1151,
      -1.8846
    ],
    "SKEL_sub": [
      -1.4357,
      -2.8877
    ],
    "SKEL_mul": [
      -1.3163,
      0.9154
    ],
    "SKEL_div": [
      -4.2484,
      2.1245
    ],
    "SKEL_pow": [
      -0.1176,
      -0.0168
    ],
    "SKEL_neg": [
      1.2902,
      0.0421
    ],
    "SKEL_sin": [
      -1.2539,
      -1.6828
    ],
    "SKEL_cos": [
      -0.0375,
      -1.0039
    ],
    "SKEL_tan": [
      -0.8373,
      5.0851
    ],
    "SKEL_exp": [
      0.9136,
      0.828
    ],
    "SKEL_log": [
      -4.1028,
      2.0992
    ],
    "SKEL_sqrt": [
      1.4201,
      -1.1151
    ],
    "DEPTH_0": [
      3.3724,
      1.6208
    ],
    "DEPTH_1": [
      -1.1677,
      5.1879
    ],
    "DEPTH_2": [
      0.3963,
      3.8858
    ],
    "DEPTH_3": [
      -1.2225,
      -0.1182
    ],
    "DEPTH_4": [
      0.8009,
      -2.9106
    ],
    "DEPTH_5": [
      2.9879,
      1.4307
    ],
    "DEPTH_6": [
      -0.9756,
      -0.3485
    ],
    "DEPTH_7": [
      -1.9228,
      1.9145
    ],
    "DEPTH_8": [
      -0.8924,
      4.7933
    ],
    "DEPTH_9": [
      -2.7255,
      0.8864
    ],
    "STRUCT_PAD": [
      -2.1405,
      0.8415
    ],
    "STRUCT_BOS": [
      -2.221,
      -0.5324
    ],
    "STRUCT_EOS": [
      1.3273,
      3.0377
    ],
    "STRUCT_MASK": [
      1.125,
      2.0434
    ]
  },
  "heatmap_tokens": [
    "F",
    "m",
    "a",
    "v",
    "x",
    "t",
    "E_energy",
    "KE",
    "PE",
    "p_momentum",
    "omega",
    "g_accel",
    "G_const",
    "add",
    "mul",
    "div",
    "pow",
    "sin",
    "cos",
    "sqrt"
  ],
  "similarity_matrix": [
    [
      1.0,
      0.1687,
      0.1203,
      0.2845,
      0.2146,
      -0.222,
      -0.033,
      -0.3076,
      -0.0871,
      -0.0562,
      -0.2063,
      0.1194,
      -0.0299,
      -0.0863,
      -0.0457,
      0.0055,
      -0.113,
      -0.0087,
      0.1465,
      -0.0312
    ],
    [
      0.1687,
      1.0,
      -0.1991,
      0.0349,
      0.1173,
      0.3421,
      -0.1982,
      0.0099,
      -0.0598,
      0.3067,
      -0.101,
      0.2042,
      -0.2355,
      -0.1229,
      0.0354,
      0.1268,
      -0.0561,
      -0.1196,
      0.2861,
      0.2224
    ],
    [
      0.1203,
      -0.1991,
      1.0,
      0.0636,
      0.0179,
      -0.1109,
      0.0377,
      -0.1453,
      0.0119,
      0.0534,
      0.1453,
      0.1434,
      0.3697,
      0.0996,
      -0.0807,
      0.2906,
      0.1291,
      0.35,
      0.0388,
      0.0834
    ],
    [
      0.2845,
      0.0349,
      0.0636,
      1.0,
      -0.1698,
      -0.2466,
      -0.0232,
      -0.0172,
      -0.0578,
      0.0653,
      -0.0655,
      0.0367,
      0.1037,
      -0.0896,
      0.2023,
      0.0383,
      0.0086,
      0.0474,
      0.025,
      -0.0
    ],
    [
      0.2146,
      0.1173,
      0.0179,
      -0.1698,
      1.0,
      -0.0047,
      -0.0416,
      -0.2032,
      0.0854,
      -0.0442,
      -0.2804,
      -0.2111,
      -0.3083,
      -0.0368,
      -0.2171,
      0.0455,
      -0.1784,
      -0.158,
      0.0391,
      0.1279
    ],
    [
      -0.222,
      0.3421,
      -0.1109,
      -0.2466,
      -0.0047,
      1.0,
      -0.1253,
      0.0423,
      0.1217,
      0.1032,
      0.0021,
      0.2192,
      -0.1232,
      0.0782,
      -0.0602,
      0.114,
      0.0644,
      -0.0913,
      0.0968,
      0.1928
    ],
    [
      -0.033,
      -0.1982,
      0.0377,
      -0.0232,
      -0.0416,
      -0.1253,
      1.0,
      -0.0542,
      -0.0395,
      -0.0588,
      -0.2548,
      -0.102,
      0.0183,
      -0.0441,
      0.118,
      0.0444,
      -0.1298,
      -0.012,
      -0.2477,
      0.0579
    ],
    [
      -0.3076,
      0.0099,
      -0.1453,
      -0.0172,
      -0.2032,
      0.0423,
      -0.0542,
      1.0,
      0.0324,
      -0.047,
      0.1809,
      -0.1356,
      0.1248,
      0.0642,
      0.2445,
      -0.1667,
      -0.0051,
      0.0195,
      -0.2005,
      0.0549
    ],
    [
      -0.0871,
      -0.0598,
      0.0119,
      -0.0578,
      0.0854,
      0.1217,
      -0.0395,
      0.0324,
      1.0,
      0.351,
      -0.0326,
      -0.1159,
      -0.0093,
      0.0112,
      -0.1016,
      -0.1163,
      -0.0607,
      -0.0421,
      -0.2535,
      -0.1732
    ],
    [
      -0.0562,
      0.3067,
      0.0534,
      0.0653,
      -0.0442,
      0.1032,
      -0.0588,
      -0.047,
      0.351,
      1.0,
      -0.1224,
      -0.0322,
      -0.0653,
      -0.0604,
      -0.0564,
      0.1681,
      0.1018,
      -0.1414,
      -0.0403,
      0.129
    ],
    [
      -0.2063,
      -0.101,
      0.1453,
      -0.0655,
      -0.2804,
      0.0021,
      -0.2548,
      0.1809,
      -0.0326,
      -0.1224,
      1.0,
      0.1984,
      0.1248,
      0.2839,
      0.0253,
      -0.0634,
      0.0494,
      0.134,
      -0.1571,
      -0.0722
    ],
    [
      0.1194,
      0.2042,
      0.1434,
      0.0367,
      -0.2111,
      0.2192,
      -0.102,
      -0.1356,
      -0.1159,
      -0.0322,
      0.1984,
      1.0,
      0.0923,
      0.0369,
      0.0926,
      -0.0544,
      0.3277,
      0.3188,
      0.2148,
      0.0721
    ],
    [
      -0.0299,
      -0.2355,
      0.3697,
      0.1037,
      -0.3083,
      -0.1232,
      0.0183,
      0.1248,
      -0.0093,
      -0.0653,
      0.1248,
      0.0923,
      1.0,
      0.1773,
      0.2085,
      -0.0146,
      0.0957,
      0.2059,
      -0.0995,
      -0.1398
    ],
    [
      -0.0863,
      -0.1229,
      0.0996,
      -0.0896,
      -0.0368,
      0.0782,
      -0.0441,
      0.0642,
      0.0112,
      -0.0604,
      0.2839,
      0.0369,
      0.1773,
      1.0,
      0.063,
      -0.0021,
      0.1922,
      0.1,
      -0.2075,
      0.0196
    ],
    [
      -0.0457,
      0.0354,
      -0.0807,
      0.2023,
      -0.2171,
      -0.0602,
      0.118,
      0.2445,
      -0.1016,
      -0.0564,
      0.0253,
      0.0926,
      0.2085,
      0.063,
      1.0,
      -0.1504,
      -0.0062,
      0.0641,
      -0.2135,
      -0.144
    ],
    [
      0.0055,
      0.1268,
      0.2906,
      0.0383,
      0.0455,
      0.114,
      0.0444,
      -0.1667,
      -0.1163,
      0.1681,
      -0.0634,
      -0.0544,
      -0.0146,
      -0.0021,
      -0.1504,
      1.0,
      0.2077,
      -0.1309,
      0.0545,
      0.2788
    ],
    [
      -0.113,
      -0.0561,
      0.1291,
      0.0086,
      -0.1784,
      0.0644,
      -0.1298,
      -0.0051,
      -0.0607,
      0.1018,
      0.0494,
      0.3277,
      0.0957,
      0.1922,
      -0.0062,
      0.2077,
      1.0,
      0.003,
      0.1605,
      0.3528
    ],
    [
      -0.0087,
      -0.1196,
      0.35,
      0.0474,
      -0.158,
      -0.0913,
      -0.012,
      0.0195,
      -0.0421,
      -0.1414,
      0.134,
      0.3188,
      0.2059,
      0.1,
      0.0641,
      -0.1309,
      0.003,
      1.0,
      -0.0783,
      -0.1868
    ],
    [
      0.1465,
      0.2861,
      0.0388,
      0.025,
      0.0391,
      0.0968,
      -0.2477,
      -0.2005,
      -0.2535,
      -0.0403,
      -0.1571,
      0.2148,
      -0.0995,
      -0.2075,
      -0.2135,
      0.0545,
      0.1605,
      -0.0783,
      1.0,
      0.3871
    ],
    [
      -0.0312,
      0.2224,
      0.0834,
      -0.0,
      0.1279,
      0.1928,
      0.0579,
      0.0549,
      -0.1732,
      0.129,
      -0.0722,
      0.0721,
      -0.1398,
      0.0196,
      -0.144,
      0.2788,
      0.3528,
      -0.1868,
      0.3871,
      1.0
    ]
  ],
  "token_categories": {
    "[PAD]": "special",
    "[BOS]": "special",
    "[EOS]": "special",
    "[MASK]": "special",
    "[SEP]": "special",
    "[UNK]": "special",
    "add": "operators",
    "sub": "operators",
    "mul": "operators",
    "div": "operators",
    "pow": "operators",
    "neg": "operators",
    "sin": "functions",
    "cos": "functions",
    "tan": "functions",
    "exp": "functions",
    "log": "functions",
    "sqrt": "functions",
    "abs": "functions",
    "asin": "functions",
    "acos": "functions",
    "atan": "functions",
    "sinh": "functions",
    "cosh": "functions",
    "x": "variables",
    "y": "variables",
    "z": "variables",
    "t": "variables",
    "v": "variables",
    "v0": "variables",
    "vx": "variables",
    "vy": "variables",
    "vz": "variables",
    "a": "variables",
    "ax": "variables",
    "ay": "variables",
    "az": "variables",
    "F": "variables",
    "Fx": "variables",
    "Fy": "variables",
    "Fz": "variables",
    "m": "variables",
    "m1": "variables",
    "m2": "variables",
    "r": "variables",
    "R": "variables",
    "theta": "variables",
    "phi": "variables",
    "omega": "variables",
    "alpha": "variables",
    "tau": "variables",
    "I_inertia": "variables",
    "L_angular": "variables",
    "E_energy": "variables",
    "KE": "variables",
    "PE": "variables",
    "W_work": "variables",
    "P_power": "variables",
    "p_momentum": "variables",
    "rho": "variables",
    "P_pressure": "variables",
    "V_volume": "variables",
    "A_area": "variables",
    "h": "variables",
    "l_length": "variables",
    "d": "variables",
    "k_spring": "variables",
    "mu": "variables",
    "x0": "variables",
    "g_accel": "constants",
    "G_const": "constants",
    "pi": "constants",
    "euler": "constants",
    "c_light": "constants",
    "k_boltz": "constants",
    "h_planck": "constants",
    "epsilon0": "constants",
    "INT_0": "constants",
    "INT_1": "constants",
    "INT_2": "constants",
    "INT_3": "constants",
    "INT_4": "constants",
    "INT_5": "constants",
    "INT_6": "constants",
    "INT_7": "constants",
    "INT_8": "constants",
    "INT_9": "constants",
    "C_+": "constants",
    "C_-": "constants",
    "D_0": "constants",
    "D_1": "constants",
    "D_2": "constants",
    "D_3": "constants",
    "D_4": "constants",
    "D_5": "constants",
    "D_6": "constants",
    "D_7": "constants",
    "D_8": "constants",
    "D_9": "constants",
    "DOT": "constants",
    "E_+": "constants",
    "E_-": "constants",
    "E_0": "constants",
    "E_1": "constants",
    "E_2": "constants",
    "E_3": "constants",
    "E_4": "constants",
    "E_5": "constants",
    "E_6": "constants",
    "E_7": "constants",
    "E_8": "constants",
    "E_9": "constants",
    "CONST_START": "constants",
    "CONST_END": "constants",
    "OP_BINARY": "special",
    "OP_UNARY": "special",
    "LEAF_VAR": "special",
    "LEAF_CONST": "special",
    "LEAF_INT": "special",
    "LEAF_NAMED": "special",
    "SKEL_add": "special",
    "SKEL_sub": "special",
    "SKEL_mul": "special",
    "SKEL_div": "special",
    "SKEL_pow": "special",
    "SKEL_neg": "special",
    "SKEL_sin": "special",
    "SKEL_cos": "special",
    "SKEL_tan": "special",
    "SKEL_exp": "special",
    "SKEL_log": "special",
    "SKEL_sqrt": "special",
    "DEPTH_0": "special",
    "DEPTH_1": "special",
    "DEPTH_2": "special",
    "DEPTH_3": "special",
    "DEPTH_4": "special",
    "DEPTH_5": "special",
    "DEPTH_6": "special",
    "DEPTH_7": "special",
    "DEPTH_8": "special",
    "DEPTH_9": "special",
    "STRUCT_PAD": "special",
    "STRUCT_BOS": "special",
    "STRUCT_EOS": "special",
    "STRUCT_MASK": "special"
  }
}