{
  "model_path": "/home/codex/work/repo/results/phys_mdt/model.pt",
  "d_model": 128,
  "vocab_size": 155,
  "top_10_analogies": [
    {
      "description": "F - m + v \u2248 p?  (force minus mass plus velocity \u2248 momentum)",
      "expected": "p",
      "expected_rank": null,
      "expected_cosine_sim": null,
      "direct_cosine_sim": 0.024346,
      "top_10": [
        [
          "u",
          0.210805
        ],
        [
          "7",
          0.192183
        ],
        [
          "theta0",
          0.172806
        ],
        [
          "m1",
          0.164706
        ],
        [
          "9",
          0.157058
        ],
        [
          "12",
          0.148666
        ],
        [
          "+",
          0.145676
        ],
        [
          "pi",
          0.141301
        ],
        [
          "h",
          0.140469
        ],
        [
          "sin",
          0.137954
        ]
      ]
    },
    {
      "description": "E - m + v \u2248 ?   (energy minus mass + velocity \u2248 kinetic?)",
      "expected": "K",
      "expected_rank": null,
      "expected_cosine_sim": null,
      "direct_cosine_sim": -0.03068,
      "top_10": [
        [
          "u",
          0.216854
        ],
        [
          "12",
          0.195764
        ],
        [
          "tau",
          0.194726
        ],
        [
          "sqrt",
          0.1578
        ],
        [
          "theta",
          0.153302
        ],
        [
          "+",
          0.135667
        ],
        [
          "atan",
          0.133886
        ],
        [
          "O",
          0.130881
        ],
        [
          "4",
          0.130434
        ],
        [
          "9",
          0.127804
        ]
      ]
    },
    {
      "description": "v - a + F \u2248 ?   (velocity - acceleration + force)",
      "expected": "p",
      "expected_rank": null,
      "expected_cosine_sim": null,
      "direct_cosine_sim": 0.019294,
      "top_10": [
        [
          "h",
          0.252977
        ],
        [
          "7",
          0.210129
        ],
        [
          "s",
          0.199327
        ],
        [
          "4.0",
          0.19096
        ],
        [
          "sin",
          0.170731
        ],
        [
          "c",
          0.16279
        ],
        [
          "12",
          0.151654
        ],
        [
          "q",
          0.149715
        ],
        [
          "b",
          0.149699
        ],
        [
          "theta0",
          0.134311
        ]
      ]
    },
    {
      "description": "sin - cos \u2248 ?   (difference between trig functions)",
      "expected": "tan",
      "expected_rank": null,
      "expected_cosine_sim": null,
      "direct_cosine_sim": -0.146588,
      "top_10": [
        [
          "32",
          0.179899
        ],
        [
          "-1",
          0.167687
        ],
        [
          "J",
          0.161221
        ],
        [
          "acos",
          0.15934
        ],
        [
          "rho",
          0.142869
        ],
        [
          "P",
          0.137407
        ],
        [
          "phi0",
          0.137019
        ],
        [
          "v2",
          0.131753
        ],
        [
          "5",
          0.128966
        ],
        [
          "y",
          0.122114
        ]
      ]
    },
    {
      "description": "E - K + U \u2248 ?   (energy - kinetic + potential)",
      "expected": "E",
      "expected_rank": null,
      "expected_cosine_sim": null,
      "direct_cosine_sim": 0.618423,
      "top_10": [
        [
          "O",
          0.27364
        ],
        [
          "W",
          0.263095
        ],
        [
          "rho",
          0.160604
        ],
        [
          "6",
          0.155022
        ],
        [
          "x2",
          0.147932
        ],
        [
          "m2",
          0.136713
        ],
        [
          "m3",
          0.129453
        ],
        [
          "k2",
          0.122719
        ],
        [
          "-1",
          0.122206
        ],
        [
          "16",
          0.114983
        ]
      ]
    },
    {
      "description": "omega - t + x \u2248 ?  (angular freq - time + position)",
      "expected": "k",
      "expected_rank": null,
      "expected_cosine_sim": null,
      "direct_cosine_sim": -0.012026,
      "top_10": [
        [
          "a",
          0.230914
        ],
        [
          "O",
          0.219654
        ],
        [
          "8",
          0.191339
        ],
        [
          "D",
          0.167188
        ],
        [
          "v1",
          0.164071
        ],
        [
          "y3",
          0.16181
        ],
        [
          "abs",
          0.153414
        ],
        [
          "neg",
          0.143688
        ],
        [
          "Q",
          0.142638
        ],
        [
          "16",
          0.134728
        ]
      ]
    },
    {
      "description": "a * embedding - F/m direction test: a - g \u2248 ?",
      "expected": "F",
      "expected_rank": null,
      "expected_cosine_sim": null,
      "direct_cosine_sim": -0.040697,
      "top_10": [
        [
          "e_const",
          0.245945
        ],
        [
          "2",
          0.166968
        ],
        [
          "F0",
          0.15205
        ],
        [
          "P0",
          0.144202
        ],
        [
          "sinh",
          0.141552
        ],
        [
          "x",
          0.129858
        ],
        [
          "sigma",
          0.121487
        ],
        [
          "0.5",
          0.116533
        ],
        [
          "M",
          0.116302
        ],
        [
          "G_const",
          0.115287
        ]
      ]
    },
    {
      "description": "p - m + F \u2248 ?   (momentum - mass + force)",
      "expected": "a",
      "expected_rank": null,
      "expected_cosine_sim": null,
      "direct_cosine_sim": 0.02714,
      "top_10": [
        [
          "9",
          0.215786
        ],
        [
          "phi",
          0.20932
        ],
        [
          "pi",
          0.19242
        ],
        [
          "h",
          0.167874
        ],
        [
          "7",
          0.166624
        ],
        [
          "m1",
          0.161304
        ],
        [
          "n",
          0.150362
        ],
        [
          "+",
          0.148791
        ],
        [
          "m3",
          0.148037
        ],
        [
          "u",
          0.146809
        ]
      ]
    },
    {
      "description": "exp - log \u2248 ?   (inverse transcendental pair)",
      "expected": "sqrt",
      "expected_rank": null,
      "expected_cosine_sim": null,
      "direct_cosine_sim": -0.030634,
      "top_10": [
        [
          "D",
          0.241496
        ],
        [
          "x",
          0.22461
        ],
        [
          "abs",
          0.199581
        ],
        [
          "cos",
          0.194898
        ],
        [
          "W",
          0.186734
        ],
        [
          "V",
          0.179101
        ],
        [
          "a1",
          0.171233
        ],
        [
          "y3",
          0.16099
        ],
        [
          "a",
          0.140303
        ],
        [
          "tanh",
          0.13971
        ]
      ]
    },
    {
      "description": "v - t + x \u2248 ?   (velocity - time + position)",
      "expected": "a",
      "expected_rank": 10,
      "expected_cosine_sim": 0.146035,
      "direct_cosine_sim": 0.146035,
      "top_10": [
        [
          "Q",
          0.21112
        ],
        [
          "O",
          0.20915
        ],
        [
          "A",
          0.207496
        ],
        [
          "sqrt",
          0.198722
        ],
        [
          "neg",
          0.177925
        ],
        [
          "B",
          0.172586
        ],
        [
          "rho",
          0.172075
        ],
        [
          "D",
          0.149934
        ],
        [
          "0.5",
          0.14956
        ],
        [
          "a",
          0.146035
        ]
      ]
    }
  ],
  "cluster_statistics": {
    "within_cluster_similarity": {
      "operators": 0.02822,
      "trig": 0.01184,
      "transcendental": -0.024716,
      "physics_vars": -0.000835,
      "numeric": -0.004896
    },
    "between_cluster_similarity": {
      "numeric vs operators": -0.004852,
      "numeric vs physics_vars": 0.000598,
      "numeric vs transcendental": -0.013917,
      "numeric vs trig": -0.004343,
      "operators vs physics_vars": 0.007852,
      "operators vs transcendental": -0.01505,
      "operators vs trig": -0.006093,
      "physics_vars vs transcendental": -0.001271,
      "physics_vars vs trig": -0.004312,
      "transcendental vs trig": 0.003433
    },
    "mean_within_cluster": 0.001923,
    "mean_between_cluster": -0.003796
  },
  "heatmap_tokens": [
    "m",
    "M",
    "g",
    "F",
    "E",
    "v",
    "a",
    "t",
    "x",
    "r",
    "p",
    "omega",
    "k",
    "sin",
    "cos",
    "+",
    "*",
    "^"
  ],
  "heatmap_similarity_matrix": [
    [
      0.9999997615814209,
      -0.24255454540252686,
      0.02263408526778221,
      -0.19482822716236115,
      0.019999606534838676,
      0.08245209604501724,
      -0.015599467791616917,
      0.03545193001627922,
      -0.08009038865566254,
      0.00022216825163923204,
      -0.02014811709523201,
      -0.01209238450974226,
      -0.10522112995386124,
      0.0022487652022391558,
      -0.01075372751802206,
      -0.2187337726354599,
      -0.02310403622686863,
      -0.03017931431531906
    ],
    [
      -0.24255454540252686,
      1.0000001192092896,
      0.008405300788581371,
      -0.02225344255566597,
      -0.05430673435330391,
      -0.07886236906051636,
      0.16101419925689697,
      -0.13521245121955872,
      -0.02366020530462265,
      0.06878548860549927,
      -0.10413829237222672,
      0.06694485992193222,
      -0.040893204510211945,
      0.002728352788835764,
      -0.04504022374749184,
      0.01206236518919468,
      0.0718492716550827,
      0.010946711525321007
    ],
    [
      0.02263408526778221,
      0.008405300788581371,
      1.000000238418579,
      0.11030701547861099,
      -0.06570179015398026,
      0.11993787437677383,
      -0.0033534574322402477,
      -0.09233365207910538,
      0.01959027163684368,
      -0.07609490305185318,
      -0.10082804411649704,
      -0.016842147335410118,
      0.14770255982875824,
      0.021180681884288788,
      0.06615792214870453,
      -0.11738026142120361,
      0.06313319504261017,
      -0.002242438495159149
    ],
    [
      -0.19482822716236115,
      -0.02225344255566597,
      0.11030701547861099,
      0.9999999403953552,
      0.0028270490001887083,
      -0.006762285716831684,
      0.04123428091406822,
      -0.030004676431417465,
      0.010162602178752422,
      -0.07803523540496826,
      -0.06371846050024033,
      -0.1276739239692688,
      -0.023759089410305023,
      0.14941485226154327,
      0.015990348532795906,
      -0.00142955023329705,
      -0.01827363669872284,
      0.012362057343125343
    ],
    [
      0.019999606534838676,
      -0.05430673435330391,
      -0.06570179015398026,
      0.0028270490001887083,
      1.0000004768371582,
      -0.15873050689697266,
      -0.22642143070697784,
      0.1634964495897293,
      0.036396220326423645,
      0.075052410364151,
      0.03275248408317566,
      -0.07355198264122009,
      -0.02220534346997738,
      -0.011923789978027344,
      0.03781062737107277,
      -0.05439666658639908,
      -0.1013641506433487,
      0.07880274951457977
    ],
    [
      0.08245209604501724,
      -0.07886236906051636,
      0.11993787437677383,
      -0.006762285716831684,
      -0.15873050689697266,
      1.0000001192092896,
      -0.045558564364910126,
      -0.023116474971175194,
      0.05118570104241371,
      -0.0674004852771759,
      0.09695360064506531,
      -0.12344378232955933,
      0.053690679371356964,
      0.09923744201660156,
      -0.04515009745955467,
      0.0473456010222435,
      0.04209218546748161,
      0.01906515285372734
    ],
    [
      -0.015599467791616917,
      0.16101419925689697,
      -0.0033534574322402477,
      0.04123428091406822,
      -0.22642143070697784,
      -0.045558564364910126,
      0.9999999403953552,
      -0.10624301433563232,
      0.1885755956172943,
      -0.1355942189693451,
      -0.009714290499687195,
      0.11128929257392883,
      0.060294974595308304,
      -0.045656442642211914,
      0.1436191201210022,
      -0.025356527417898178,
      0.04151551052927971,
      -0.10858848690986633
    ],
    [
      0.03545193001627922,
      -0.13521245121955872,
      -0.09233365207910538,
      -0.030004676431417465,
      0.1634964495897293,
      -0.023116474971175194,
      -0.10624301433563232,
      0.9999999403953552,
      0.030128315091133118,
      0.10437756776809692,
      0.0713224783539772,
      0.05463586002588272,
      -0.06252589821815491,
      -0.07612435519695282,
      0.12078665941953659,
      -0.010129624046385288,
      -0.1164020299911499,
      0.1481652855873108
    ],
    [
      -0.08009038865566254,
      -0.02366020530462265,
      0.01959027163684368,
      0.010162602178752422,
      0.036396220326423645,
      0.05118570104241371,
      0.1885755956172943,
      0.030128315091133118,
      1.0000001192092896,
      -0.06074204668402672,
      0.020338181406259537,
      0.13680578768253326,
      -0.008308233693242073,
      0.007176829967647791,
      0.06041264906525612,
      0.061847489327192307,
      -0.030351795256137848,
      -0.03454660251736641
    ],
    [
      0.00022216825163923204,
      0.06878548860549927,
      -0.07609490305185318,
      -0.07803523540496826,
      0.075052410364151,
      -0.0674004852771759,
      -0.1355942189693451,
      0.10437756776809692,
      -0.06074204668402672,
      0.9999997019767761,
      0.005245806183665991,
      -0.16971686482429504,
      -0.1888878494501114,
      0.01606791280210018,
      -0.006620094645768404,
      0.13211968541145325,
      -0.08941128849983215,
      -0.04731668531894684
    ],
    [
      -0.02014811709523201,
      -0.10413829237222672,
      -0.10082804411649704,
      -0.06371846050024033,
      0.03275248408317566,
      0.09695360064506531,
      -0.009714290499687195,
      0.0713224783539772,
      0.020338181406259537,
      0.005245806183665991,
      1.0000001192092896,
      -0.007948840968310833,
      0.17492187023162842,
      0.010797429829835892,
      0.14613951742649078,
      0.05728691816329956,
      -0.0059509724378585815,
      -0.16743555665016174
    ],
    [
      -0.01209238450974226,
      0.06694485992193222,
      -0.016842147335410118,
      -0.1276739239692688,
      -0.07355198264122009,
      -0.12344378232955933,
      0.11128929257392883,
      0.05463586002588272,
      0.13680578768253326,
      -0.16971686482429504,
      -0.007948840968310833,
      1.0,
      -0.07811753451824188,
      0.09418854862451553,
      0.06687585264444351,
      -0.12033850699663162,
      -0.06518642604351044,
      -0.11533735692501068
    ],
    [
      -0.10522112995386124,
      -0.040893204510211945,
      0.14770255982875824,
      -0.023759089410305023,
      -0.02220534346997738,
      0.053690679371356964,
      0.060294974595308304,
      -0.06252589821815491,
      -0.008308233693242073,
      -0.1888878494501114,
      0.17492187023162842,
      -0.07811753451824188,
      1.0000001192092896,
      0.02293325588107109,
      0.02207731083035469,
      0.015550126321613789,
      0.0775708332657814,
      -0.06142762303352356
    ],
    [
      0.0022487652022391558,
      0.002728352788835764,
      0.021180681884288788,
      0.14941485226154327,
      -0.011923789978027344,
      0.09923744201660156,
      -0.045656442642211914,
      -0.07612435519695282,
      0.007176829967647791,
      0.01606791280210018,
      0.010797429829835892,
      0.09418854862451553,
      0.02293325588107109,
      0.9999998807907104,
      -0.11182408779859543,
      0.0010532692540436983,
      -0.06458644568920135,
      -0.05933866649866104
    ],
    [
      -0.01075372751802206,
      -0.04504022374749184,
      0.06615792214870453,
      0.015990348532795906,
      0.03781062737107277,
      -0.04515009745955467,
      0.1436191201210022,
      0.12078665941953659,
      0.06041264906525612,
      -0.006620094645768404,
      0.14613951742649078,
      0.06687585264444351,
      0.02207731083035469,
      -0.11182408779859543,
      1.000000238418579,
      0.10213380306959152,
      -0.0021657906472682953,
      -0.10291698575019836
    ],
    [
      -0.2187337726354599,
      0.01206236518919468,
      -0.11738026142120361,
      -0.00142955023329705,
      -0.05439666658639908,
      0.0473456010222435,
      -0.025356527417898178,
      -0.010129624046385288,
      0.061847489327192307,
      0.13211968541145325,
      0.05728691816329956,
      -0.12033850699663162,
      0.015550126321613789,
      0.0010532692540436983,
      0.10213380306959152,
      1.0000001192092896,
      -0.024762993678450584,
      0.028994422405958176
    ],
    [
      -0.023104045540094376,
      0.0718492865562439,
      0.06313322484493256,
      -0.018273621797561646,
      -0.10136416554450989,
      0.042092159390449524,
      0.04151550307869911,
      -0.1164020299911499,
      -0.030351810157299042,
      -0.08941129595041275,
      -0.005950964987277985,
      -0.06518643349409103,
      0.0775708332657814,
      -0.06458643823862076,
      -0.0021657943725585938,
      -0.024762995541095734,
      1.0,
      -0.012105867266654968
    ],
    [
      -0.030179306864738464,
      0.0109467264264822,
      -0.002242438495159149,
      0.012362062931060791,
      0.07880275696516037,
      0.01906515285372734,
      -0.10858848690986633,
      0.1481652706861496,
      -0.03454658389091492,
      -0.04731668531894684,
      -0.16743555665016174,
      -0.11533734202384949,
      -0.06142761558294296,
      -0.05933865159749985,
      -0.10291700065135956,
      0.028994407504796982,
      -0.012105867266654968,
      1.0
    ]
  ]
}